%YAML:1.0
---
image_width: 640
image_height: 480
board_width: 10
board_height: 7
cell_size: 24.
camera_matrix: !!opencv-matrix
   rows: 3
   cols: 3
   dt: d
   data: [ 5.4497201657998141e+02, 0., 3.2898139894283605e+02, 0.,
       5.4607104003743200e+02, 2.3847983900383011e+02, 0., 0., 1. ]
tvecs:
   - !!opencv-matrix
      rows: 3
      cols: 1
      dt: d
      data: [ 1.2454722312679228e+02, 3.0623008091572700e+01,
          2.5073207798579509e+02 ]
   - !!opencv-matrix
      rows: 3
      cols: 1
      dt: d
      data: [ 1.1318729560941466e+02, 2.4174920419464950e+01,
          2.2026272236589429e+02 ]
   - !!opencv-matrix
      rows: 3
      cols: 1
      dt: d
      data: [ 1.0307572105852120e+02, 2.5382745047804651e+01,
          1.9571669076904425e+02 ]
   - !!opencv-matrix
      rows: 3
      cols: 1
      dt: d
      data: [ 8.9330566394034861e+01, 3.4543330899063015e+01,
          1.7120275406663501e+02 ]
   - !!opencv-matrix
      rows: 3
      cols: 1
      dt: d
      data: [ 6.8741104362578156e+01, 5.6469518274730959e+01,
          1.6612155621894823e+02 ]
   - !!opencv-matrix
      rows: 3
      cols: 1
      dt: d
      data: [ 8.0987717753895737e+01, 6.1990786224613622e+01,
          1.8199372515585480e+02 ]
   - !!opencv-matrix
      rows: 3
      cols: 1
      dt: d
      data: [ 1.0296374280325109e+02, 7.2297995963371946e+01,
          1.9600670447976600e+02 ]
   - !!opencv-matrix
      rows: 3
      cols: 1
      dt: d
      data: [ 1.1060708280102037e+02, 7.8707478218545646e+01,
          2.2909452629231495e+02 ]
   - !!opencv-matrix
      rows: 3
      cols: 1
      dt: d
      data: [ 1.1041786271762943e+02, 9.2637151892451158e+01,
          2.4809949559775896e+02 ]
   - !!opencv-matrix
      rows: 3
      cols: 1
      dt: d
      data: [ 1.1172412980715031e+02, 8.9327745678026176e+01,
          2.8381936351290534e+02 ]
   - !!opencv-matrix
      rows: 3
      cols: 1
      dt: d
      data: [ 1.0833498913865139e+02, 7.7303129380782252e+01,
          2.3997008690614004e+02 ]
   - !!opencv-matrix
      rows: 3
      cols: 1
      dt: d
      data: [ 9.4708765306778687e+01, 7.2275117548744817e+01,
          2.1043645740183368e+02 ]
   - !!opencv-matrix
      rows: 3
      cols: 1
      dt: d
      data: [ 7.0708203812968833e+01, 6.7608737222094419e+01,
          1.9672703443732385e+02 ]
   - !!opencv-matrix
      rows: 3
      cols: 1
      dt: d
      data: [ 8.7285761949046346e+01, 8.5988474705888081e+01,
          2.1749445969940692e+02 ]
   - !!opencv-matrix
      rows: 3
      cols: 1
      dt: d
      data: [ 1.1241886973733706e+02, 6.9482152671162822e+01,
          2.5733954297021802e+02 ]
   - !!opencv-matrix
      rows: 3
      cols: 1
      dt: d
      data: [ 1.1535275857225807e+02, 6.4989327696540983e+01,
          2.8380971795720308e+02 ]
   - !!opencv-matrix
      rows: 3
      cols: 1
      dt: d
      data: [ 9.2567356898005684e+01, 6.9979717592719354e+01,
          3.1633275268956129e+02 ]
   - !!opencv-matrix
      rows: 3
      cols: 1
      dt: d
      data: [ 1.2784852813917901e+02, 1.1000620635008534e+02,
          3.7802033877964647e+02 ]
   - !!opencv-matrix
      rows: 3
      cols: 1
      dt: d
      data: [ 1.2427063342843741e+02, 1.0448234454144300e+02,
          3.1953082588390873e+02 ]
   - !!opencv-matrix
      rows: 3
      cols: 1
      dt: d
      data: [ 1.1236393986048931e+02, 8.7732166465306975e+01,
          2.7304251272788230e+02 ]
   - !!opencv-matrix
      rows: 3
      cols: 1
      dt: d
      data: [ 8.0442888741904000e+01, 7.1774037317950445e+01,
          3.1826438027274770e+02 ]
   - !!opencv-matrix
      rows: 3
      cols: 1
      dt: d
      data: [ 1.2065161105191056e+02, 1.0168951619269481e+02,
          3.0912167354259896e+02 ]
rvecs:
   - !!opencv-matrix
      rows: 3
      cols: 1
      dt: d
      data: [ -6.9231419253652893e-01, 9.1440649525345641e-01,
          2.6841798863447237e+00 ]
   - !!opencv-matrix
      rows: 3
      cols: 1
      dt: d
      data: [ -3.0356803849824887e-01, 1.0014486699265810e+00,
          2.8094202040957867e+00 ]
   - !!opencv-matrix
      rows: 3
      cols: 1
      dt: d
      data: [ 6.0722443354887780e-02, 1.0296813995451626e+00,
          2.9218207453841285e+00 ]
   - !!opencv-matrix
      rows: 3
      cols: 1
      dt: d
      data: [ -3.8470923563055448e-01, -1.0684922866997228e+00,
          -2.8939499232389427e+00 ]
   - !!opencv-matrix
      rows: 3
      cols: 1
      dt: d
      data: [ -8.3252741719913581e-01, -7.0535562302748178e-01,
          -2.9482474075060590e+00 ]
   - !!opencv-matrix
      rows: 3
      cols: 1
      dt: d
      data: [ -3.4348676864631938e-01, -6.1587099028021086e-01,
          -2.9636736792421470e+00 ]
   - !!opencv-matrix
      rows: 3
      cols: 1
      dt: d
      data: [ -9.2160917878361358e-03, -6.5909361749091921e-01,
          -2.9615561582557839e+00 ]
   - !!opencv-matrix
      rows: 3
      cols: 1
      dt: d
      data: [ 2.8110998205395560e-01, -5.2815696639629173e-01,
          -2.9186293982535809e+00 ]
   - !!opencv-matrix
      rows: 3
      cols: 1
      dt: d
      data: [ 5.0897647445155492e-01, -4.7635552327610836e-01,
          -2.8599866415683861e+00 ]
   - !!opencv-matrix
      rows: 3
      cols: 1
      dt: d
      data: [ 6.1429016208578646e-01, -1.4090675630293479e-02,
          -2.9845788435539147e+00 ]
   - !!opencv-matrix
      rows: 3
      cols: 1
      dt: d
      data: [ 1.0923487713786093e-01, -2.4659897103721660e-02,
          -3.1382089102220028e+00 ]
   - !!opencv-matrix
      rows: 3
      cols: 1
      dt: d
      data: [ 2.7521776550936511e-01, 4.9088924076112421e-02,
          3.1078042547386735e+00 ]
   - !!opencv-matrix
      rows: 3
      cols: 1
      dt: d
      data: [ 6.1570603177558980e-01, 2.4186531272747100e-02,
          2.9867547713870728e+00 ]
   - !!opencv-matrix
      rows: 3
      cols: 1
      dt: d
      data: [ -7.9065133488355321e-01, 3.6007339438195679e-01,
          -2.9917731299057206e+00 ]
   - !!opencv-matrix
      rows: 3
      cols: 1
      dt: d
      data: [ 2.4873665845969058e-02, -5.8125343410119068e-01,
          2.9973747393510748e+00 ]
   - !!opencv-matrix
      rows: 3
      cols: 1
      dt: d
      data: [ -3.2199887091001800e-01, -5.8256315172674022e-01,
          3.0458360711703687e+00 ]
   - !!opencv-matrix
      rows: 3
      cols: 1
      dt: d
      data: [ 8.8151908835492732e-01, 5.6429519768613845e-01,
          -2.8891559199095012e+00 ]
   - !!opencv-matrix
      rows: 3
      cols: 1
      dt: d
      data: [ 5.2536280762979981e-01, -8.7041756887075009e-02,
          -2.9070051912852732e+00 ]
   - !!opencv-matrix
      rows: 3
      cols: 1
      dt: d
      data: [ -1.0368453700506035e-01, -3.2480298668315988e-01,
          -3.0788724173782516e+00 ]
   - !!opencv-matrix
      rows: 3
      cols: 1
      dt: d
      data: [ -7.4235481851297691e-01, -4.0887400034008642e-01,
          -2.9712792054157395e+00 ]
   - !!opencv-matrix
      rows: 3
      cols: 1
      dt: d
      data: [ 1.4531040711278126e-01, -8.5388308165656734e-01,
          -2.8736871333981195e+00 ]
   - !!opencv-matrix
      rows: 3
      cols: 1
      dt: d
      data: [ 3.9646157981070705e-02, -5.6698759745970051e-01,
          3.0703232722735363e+00 ]
distortion_error: !!opencv-matrix
   rows: 5
   cols: 1
   dt: d
   data: [ 5.3745674795926696e-03, -5.9498136310211808e-02,
       5.7320755776750195e-04, -3.3841940374455398e-05, 0. ]
avg_reprojection_error: 1.3232151610935594e-01
