%YAML:1.0
---
calibration_time: "0415234738"
camera_focus_parameter: 15
image_width: 1280
image_height: 720
board_width: 10
board_height: 7
cell_size: 24.
camera_matrix: !!opencv-matrix
   rows: 3
   cols: 3
   dt: d
   data: [ 8.1666826008275723e+02, 0., 6.5496902468017493e+02, 0.,
       8.1807659912470490e+02, 3.5997853707861265e+02, 0., 0., 1. ]
tvecs:
   - !!opencv-matrix
      rows: 3
      cols: 1
      dt: d
      data: [ 1.1776309778477302e+02, 3.1393473633659561e+01,
          3.0224342002310118e+02 ]
   - !!opencv-matrix
      rows: 3
      cols: 1
      dt: d
      data: [ 1.2616212038391463e+02, 2.9272503641446637e+01,
          2.6577500666825813e+02 ]
   - !!opencv-matrix
      rows: 3
      cols: 1
      dt: d
      data: [ 1.1296275781528884e+02, 3.0614989992570163e+01,
          2.5761988436885315e+02 ]
   - !!opencv-matrix
      rows: 3
      cols: 1
      dt: d
      data: [ 9.1241842811188803e+01, 6.9487928037006299e+01,
          2.1727314884472023e+02 ]
   - !!opencv-matrix
      rows: 3
      cols: 1
      dt: d
      data: [ 6.4304415286493196e+01, 6.2606852950218475e+01,
          1.6061787207474035e+02 ]
   - !!opencv-matrix
      rows: 3
      cols: 1
      dt: d
      data: [ 1.2361646300246265e+02, 4.2016089148354069e+01,
          2.6947450065235961e+02 ]
   - !!opencv-matrix
      rows: 3
      cols: 1
      dt: d
      data: [ 1.1477024942027252e+02, 3.9549978587906899e+01,
          2.3494552265104846e+02 ]
   - !!opencv-matrix
      rows: 3
      cols: 1
      dt: d
      data: [ 1.1044487483365360e+02, 8.2917861772494987e+01,
          2.2927566716526781e+02 ]
   - !!opencv-matrix
      rows: 3
      cols: 1
      dt: d
      data: [ 9.0305053023496200e+01, 6.6247769432211228e+01,
          2.0230368024921947e+02 ]
   - !!opencv-matrix
      rows: 3
      cols: 1
      dt: d
      data: [ 1.0007907273658293e+02, 6.4825117323845831e+01,
          2.3365472194746675e+02 ]
   - !!opencv-matrix
      rows: 3
      cols: 1
      dt: d
      data: [ 1.0334622210422559e+02, 7.4767799021286734e+01,
          2.6246654164565416e+02 ]
   - !!opencv-matrix
      rows: 3
      cols: 1
      dt: d
      data: [ 9.7804521466581434e+01, 1.0473305217248138e+02,
          2.8940790113876886e+02 ]
   - !!opencv-matrix
      rows: 3
      cols: 1
      dt: d
      data: [ 9.5472601651278168e+01, 1.0627372913104877e+02,
          2.9203627881982271e+02 ]
   - !!opencv-matrix
      rows: 3
      cols: 1
      dt: d
      data: [ 8.5977817519433700e+01, 9.9358090278935762e+01,
          3.4481616744887424e+02 ]
   - !!opencv-matrix
      rows: 3
      cols: 1
      dt: d
      data: [ 9.2860772366354425e+01, 8.4430010585419510e+01,
          3.6704797753894451e+02 ]
   - !!opencv-matrix
      rows: 3
      cols: 1
      dt: d
      data: [ 1.0882752661156700e+02, 6.5304498566324881e+01,
          3.0109447266462223e+02 ]
   - !!opencv-matrix
      rows: 3
      cols: 1
      dt: d
      data: [ 1.2101584334750930e+02, 8.2216514574080492e+01,
          4.1686574098636015e+02 ]
   - !!opencv-matrix
      rows: 3
      cols: 1
      dt: d
      data: [ 9.5539233899254398e+01, 8.7488241070126648e+01,
          4.4687384620929134e+02 ]
   - !!opencv-matrix
      rows: 3
      cols: 1
      dt: d
      data: [ 1.4782435803233906e+02, 7.4171832718813818e+01,
          3.4150648271859416e+02 ]
   - !!opencv-matrix
      rows: 3
      cols: 1
      dt: d
      data: [ 1.0288698246294103e+02, 6.0332828161876471e+01,
          4.7998153997471672e+02 ]
   - !!opencv-matrix
      rows: 3
      cols: 1
      dt: d
      data: [ 1.1456268456217744e+02, 1.0290334406891483e+02,
          4.0289672431467631e+02 ]
   - !!opencv-matrix
      rows: 3
      cols: 1
      dt: d
      data: [ 6.8886000719438783e+01, 7.4584216348404553e+01,
          4.3155115597906735e+02 ]
   - !!opencv-matrix
      rows: 3
      cols: 1
      dt: d
      data: [ 4.0985630358794232e+01, 7.1599351397052814e+01,
          3.6255540324567050e+02 ]
   - !!opencv-matrix
      rows: 3
      cols: 1
      dt: d
      data: [ 9.5821555949617789e+01, 7.8967605302785515e+01,
          3.9400979250571419e+02 ]
   - !!opencv-matrix
      rows: 3
      cols: 1
      dt: d
      data: [ 1.2415959470113640e+02, 4.9039388924195151e+01,
          4.1082384864394163e+02 ]
   - !!opencv-matrix
      rows: 3
      cols: 1
      dt: d
      data: [ 1.2563420444468210e+02, 7.3374549103976861e+01,
          3.8834836368489243e+02 ]
