%YAML:1.0
---
image_width: 640
image_height: 480
board_width: 10
board_height: 7
cell_size: 23.
camera_matrix: !!opencv-matrix
   rows: 3
   cols: 3
   dt: d
   data: [ 5.4690903328718969e+02, 0., 3.2976866257484255e+02, 0.,
       5.4725710957275055e+02, 2.3811035492821244e+02, 0., 0., 1. ]
tvecs:
   - !!opencv-matrix
      rows: 3
      cols: 1
      dt: d
      data: [ 7.0911486475570911e+01, 4.9462795496396218e+01,
          1.5405360031913202e+02 ]
   - !!opencv-matrix
      rows: 3
      cols: 1
      dt: d
      data: [ 9.3421170403769949e+01, 5.5766536086696014e+01,
          1.8581732590075623e+02 ]
   - !!opencv-matrix
      rows: 3
      cols: 1
      dt: d
      data: [ 9.4813702057373277e+01, 4.4652320061660667e+01,
          1.8760638301282094e+02 ]
   - !!opencv-matrix
      rows: 3
      cols: 1
      dt: d
      data: [ 1.0279400213683513e+02, 3.6489571839773632e+01,
          2.0996442073597393e+02 ]
   - !!opencv-matrix
      rows: 3
      cols: 1
      dt: d
      data: [ 1.1187575389366866e+02, 5.1405797478000125e+01,
          2.2994919446746775e+02 ]
   - !!opencv-matrix
      rows: 3
      cols: 1
      dt: d
      data: [ 1.1756639123296715e+02, 6.6457088235181359e+01,
          2.3326062174688434e+02 ]
   - !!opencv-matrix
      rows: 3
      cols: 1
      dt: d
      data: [ 1.1852686074890470e+02, 7.5160309161481052e+01,
          2.4845207738865921e+02 ]
   - !!opencv-matrix
      rows: 3
      cols: 1
      dt: d
      data: [ 1.0875684827886970e+02, 6.8698415884137347e+01,
          2.1989718920672655e+02 ]
   - !!opencv-matrix
      rows: 3
      cols: 1
      dt: d
      data: [ 1.0114499613441167e+02, 6.4799581088599822e+01,
          1.9838881082208718e+02 ]
   - !!opencv-matrix
      rows: 3
      cols: 1
      dt: d
      data: [ 9.3467649399854295e+01, 6.5447562609209953e+01,
          1.7927888087723426e+02 ]
   - !!opencv-matrix
      rows: 3
      cols: 1
      dt: d
      data: [ 7.6498313192016894e+01, 6.4611864535232442e+01,
          1.6032442418472922e+02 ]
   - !!opencv-matrix
      rows: 3
      cols: 1
      dt: d
      data: [ 7.0920607926821759e+01, 6.4259228228402208e+01,
          1.5487272039862128e+02 ]
   - !!opencv-matrix
      rows: 3
      cols: 1
      dt: d
      data: [ 9.1199786653220201e+01, 8.6753492304625766e+01,
          2.0297097037710040e+02 ]
   - !!opencv-matrix
      rows: 3
      cols: 1
      dt: d
      data: [ 9.5973958980459017e+01, 7.7816656066020400e+01,
          2.3126542332911126e+02 ]
   - !!opencv-matrix
      rows: 3
      cols: 1
      dt: d
      data: [ 9.1608714191180724e+01, 9.7795123453253382e+01,
          2.6317603877642853e+02 ]
   - !!opencv-matrix
      rows: 3
      cols: 1
      dt: d
      data: [ 9.1475342939143289e+01, 1.0605637148620194e+02,
          2.8479222678607471e+02 ]
   - !!opencv-matrix
      rows: 3
      cols: 1
      dt: d
      data: [ 1.1380803503143071e+02, 8.4240597036336638e+01,
          2.7307760731760612e+02 ]
   - !!opencv-matrix
      rows: 3
      cols: 1
      dt: d
      data: [ 6.9889966687170144e+01, 5.2791569892117060e+01,
          2.1177015196031931e+02 ]
   - !!opencv-matrix
      rows: 3
      cols: 1
      dt: d
      data: [ 8.5859468958485181e+01, 9.1318615095456039e+01,
          3.3330515197669030e+02 ]
   - !!opencv-matrix
      rows: 3
      cols: 1
      dt: d
      data: [ 6.2682435706024762e+01, 1.2260614189352722e+02,
          3.5369240909042912e+02 ]
   - !!opencv-matrix
      rows: 3
      cols: 1
      dt: d
      data: [ 1.0425538513207822e+02, 7.6404359753092777e+01,
          3.5260331382662810e+02 ]
rvecs:
   - !!opencv-matrix
      rows: 3
      cols: 1
      dt: d
      data: [ -4.6520554576575807e-01, -7.5139298230609708e-01,
          -2.9577859190497544e+00 ]
   - !!opencv-matrix
      rows: 3
      cols: 1
      dt: d
      data: [ -8.8618514052851788e-02, -6.6970168962293808e-01,
          -2.9867922824383570e+00 ]
   - !!opencv-matrix
      rows: 3
      cols: 1
      dt: d
      data: [ 4.6913946316852105e-02, 7.8463334400278639e-01,
          3.0293555453251266e+00 ]
   - !!opencv-matrix
      rows: 3
      cols: 1
      dt: d
      data: [ -1.9862780449099521e-01, 6.8329021274441104e-01,
          2.9283429878573202e+00 ]
   - !!opencv-matrix
      rows: 3
      cols: 1
      dt: d
      data: [ -4.1406398655854215e-01, 6.7156723163090948e-01,
          2.9589269371242843e+00 ]
   - !!opencv-matrix
      rows: 3
      cols: 1
      dt: d
      data: [ -6.2771492688049457e-01, 6.2260555470677081e-01,
          2.9760231881427393e+00 ]
   - !!opencv-matrix
      rows: 3
      cols: 1
      dt: d
      data: [ 6.2517384266268539e-01, -2.5469803620175885e-01,
          -3.0566055005084576e+00 ]
   - !!opencv-matrix
      rows: 3
      cols: 1
      dt: d
      data: [ 2.4163423580274809e-01, -1.3756952647642787e-01,
          -3.0955194583294539e+00 ]
   - !!opencv-matrix
      rows: 3
      cols: 1
      dt: d
      data: [ -3.1796466515604735e-02, 1.7708908178603175e-01,
          3.1299580202129227e+00 ]
   - !!opencv-matrix
      rows: 3
      cols: 1
      dt: d
      data: [ 2.5785546568072132e-01, 2.2261675932163455e-01,
          3.1020852228655316e+00 ]
   - !!opencv-matrix
      rows: 3
      cols: 1
      dt: d
      data: [ 6.3387215485287862e-01, 3.1082376462057665e-01,
          3.0512179323317348e+00 ]
   - !!opencv-matrix
      rows: 3
      cols: 1
      dt: d
      data: [ 9.7378428462976396e-01, 3.5590771430362728e-01,
          2.9132285266674702e+00 ]
   - !!opencv-matrix
      rows: 3
      cols: 1
      dt: d
      data: [ 3.1329038481683924e-01, -2.3985592295588629e-01,
          3.1089385542377141e+00 ]
   - !!opencv-matrix
      rows: 3
      cols: 1
      dt: d
      data: [ 1.3233216222412297e-01, 3.0032686689372756e-01,
          -3.0693903622937868e+00 ]
   - !!opencv-matrix
      rows: 3
      cols: 1
      dt: d
      data: [ 4.9226727130390596e-01, 3.8268393497268427e-01,
          -2.8745212289925242e+00 ]
   - !!opencv-matrix
      rows: 3
      cols: 1
      dt: d
      data: [ 7.1035033796366143e-01, 3.6919745231087397e-01,
          -2.7757371872359644e+00 ]
   - !!opencv-matrix
      rows: 3
      cols: 1
      dt: d
      data: [ 3.1450633153578567e-01, -5.8210686735708772e-01,
          -2.7329278914101902e+00 ]
   - !!opencv-matrix
      rows: 3
      cols: 1
      dt: d
      data: [ -2.5044815669194048e-01, -8.3747887803263732e-01,
          -2.7250610877696486e+00 ]
   - !!opencv-matrix
      rows: 3
      cols: 1
      dt: d
      data: [ 4.3657362299536616e-02, -4.2961260186326050e-01,
          -2.8288708733441448e+00 ]
   - !!opencv-matrix
      rows: 3
      cols: 1
      dt: d
      data: [ 3.5445136733819654e-01, -5.2616688470480802e-02,
          -2.8289511540133754e+00 ]
   - !!opencv-matrix
      rows: 3
      cols: 1
      dt: d
      data: [ 3.2901402116780398e-01, 4.9412612211315377e-01,
          -2.8813423794218722e+00 ]
distortion_error: !!opencv-matrix
   rows: 5
   cols: 1
   dt: d
   data: [ 8.3781333885865564e-03, -5.8465496790344428e-02,
       2.2447448949145779e-04, 1.3274760160995893e-04, 0. ]
avg_reprojection_error: 1.8432865967116482e-01
per_view_reprojection_errors: !!opencv-matrix
   rows: 21
   cols: 1
   dt: f
   data: [ 2.75238514e-01, 1.21434473e-01, 1.71451822e-01,
       1.32030159e-01, 1.39835984e-01, 2.24094197e-01, 1.39870971e-01,
       2.31414080e-01, 2.41147339e-01, 1.98739916e-01, 1.30229384e-01,
       1.88638464e-01, 1.59445629e-01, 1.12347506e-01, 3.75855386e-01,
       1.16122380e-01, 1.36519164e-01, 1.05156139e-01, 1.04418688e-01,
       1.43465787e-01, 1.70669019e-01 ]
