%YAML:1.0
---
image_width: 640
image_height: 480
board_width: 10
board_height: 7
cell_size: 23.
camera_matrix: !!opencv-matrix
   rows: 3
   cols: 3
   dt: d
   data: [ 5.4449673993345039e+02, 0., 3.2707900819247590e+02, 0.,
       5.4543118101747245e+02, 2.3954220603077903e+02, 0., 0., 1. ]
tvecs:
   - !!opencv-matrix
      rows: 3
      cols: 1
      dt: d
      data: [ 8.7834931251039578e+01, 5.5162118784875219e+01,
          2.3342867675396855e+02 ]
   - !!opencv-matrix
      rows: 3
      cols: 1
      dt: d
      data: [ 9.0900505346182740e+01, 5.3648197909226909e+01,
          2.0854490172245457e+02 ]
   - !!opencv-matrix
      rows: 3
      cols: 1
      dt: d
      data: [ 1.1359494195125509e+02, 4.5316653374661435e+01,
          2.3156475758112808e+02 ]
   - !!opencv-matrix
      rows: 3
      cols: 1
      dt: d
      data: [ 1.3173969537313459e+02, 1.2656561109660622e+01,
          2.4658005754477003e+02 ]
   - !!opencv-matrix
      rows: 3
      cols: 1
      dt: d
      data: [ 1.1595404451837072e+02, 4.5860344493891951e+01,
          2.9586987829269884e+02 ]
   - !!opencv-matrix
      rows: 3
      cols: 1
      dt: d
      data: [ 1.1586240874968244e+02, 6.2411663844317616e+01,
          2.4682218810100758e+02 ]
   - !!opencv-matrix
      rows: 3
      cols: 1
      dt: d
      data: [ 9.3638756511652929e+01, 6.9357236048517166e+01,
          2.2310353238924549e+02 ]
   - !!opencv-matrix
      rows: 3
      cols: 1
      dt: d
      data: [ 8.6543603590683176e+01, 7.0209027352832251e+01,
          2.0430648062936859e+02 ]
   - !!opencv-matrix
      rows: 3
      cols: 1
      dt: d
      data: [ 6.9569154020265017e+01, 7.3745340012429480e+01,
          1.9270497169385328e+02 ]
   - !!opencv-matrix
      rows: 3
      cols: 1
      dt: d
      data: [ 9.4477045150010881e+01, 7.0562009840488187e+01,
          2.4628594341696876e+02 ]
   - !!opencv-matrix
      rows: 3
      cols: 1
      dt: d
      data: [ 9.9262766681754925e+01, 6.8066174596554816e+01,
          2.6816125851177549e+02 ]
   - !!opencv-matrix
      rows: 3
      cols: 1
      dt: d
      data: [ 9.0144461054102109e+01, 7.8061552926993684e+01,
          2.9061684811119210e+02 ]
   - !!opencv-matrix
      rows: 3
      cols: 1
      dt: d
      data: [ 9.5839301214424083e+01, 7.3757486795679924e+01,
          3.3090751265415582e+02 ]
   - !!opencv-matrix
      rows: 3
      cols: 1
      dt: d
      data: [ 1.3331339533508904e+02, 8.3619510445093255e+01,
          3.2607755233496260e+02 ]
rvecs:
   - !!opencv-matrix
      rows: 3
      cols: 1
      dt: d
      data: [ -2.4761857356856104e-01, -4.7750275850149521e-01,
          -2.9400947489003602e+00 ]
   - !!opencv-matrix
      rows: 3
      cols: 1
      dt: d
      data: [ -1.4852621231479488e-01, -8.1315552504419364e-01,
          -3.0100951942735628e+00 ]
   - !!opencv-matrix
      rows: 3
      cols: 1
      dt: d
      data: [ -1.7792074297011487e-01, 9.1369904384205014e-01,
          2.9054895589345162e+00 ]
   - !!opencv-matrix
      rows: 3
      cols: 1
      dt: d
      data: [ -2.9393214345133623e-01, 8.6778583759227357e-01,
          2.6604605424430869e+00 ]
   - !!opencv-matrix
      rows: 3
      cols: 1
      dt: d
      data: [ -8.3330215707778910e-01, 3.3434215663301220e-01,
          2.8302531810647271e+00 ]
   - !!opencv-matrix
      rows: 3
      cols: 1
      dt: d
      data: [ -2.9244624537798974e-01, 1.3646426468022183e-01,
          3.1175013877754765e+00 ]
   - !!opencv-matrix
      rows: 3
      cols: 1
      dt: d
      data: [ -6.0445347137130290e-02, -7.7644836649437013e-02,
          -3.1175799453304891e+00 ]
   - !!opencv-matrix
      rows: 3
      cols: 1
      dt: d
      data: [ -4.7039835880948916e-01, -3.3897263294214899e-02,
          -3.0991316936348459e+00 ]
   - !!opencv-matrix
      rows: 3
      cols: 1
      dt: d
      data: [ 7.5205819090492299e-01, -2.1942482292358897e-02,
          3.0011738468203406e+00 ]
   - !!opencv-matrix
      rows: 3
      cols: 1
      dt: d
      data: [ 7.1995891705244230e-01, -5.6761114860444650e-01,
          2.9924715021888622e+00 ]
   - !!opencv-matrix
      rows: 3
      cols: 1
      dt: d
      data: [ 8.5093937495594213e-02, -6.1342552896910207e-01,
          3.0286755761368442e+00 ]
   - !!opencv-matrix
      rows: 3
      cols: 1
      dt: d
      data: [ 3.1746964057382099e-01, 5.9484671830825497e-01,
          -3.0077191077489536e+00 ]
   - !!opencv-matrix
      rows: 3
      cols: 1
      dt: d
      data: [ 5.0068459534712528e-01, 7.7864855855602344e-01,
          -2.8235758644646980e+00 ]
   - !!opencv-matrix
      rows: 3
      cols: 1
      dt: d
      data: [ 6.5311372144376079e-01, 2.4477710338453995e-01,
          -3.0358569540396996e+00 ]
distortion_error: !!opencv-matrix
   rows: 5
   cols: 1
   dt: d
   data: [ 1.0020263942506798e-02, -6.3193396321932951e-02,
       -1.2283790926084556e-04, -9.1340027565960514e-04, 0. ]
avg_reprojection_error: 9.3887117547211268e-02
per_view_reprojection_errors: !!opencv-matrix
   rows: 14
   cols: 1
   dt: f
   data: [ 1.05183452e-01, 7.92894736e-02, 1.24586165e-01,
       8.56439844e-02, 8.26762617e-02, 8.91933516e-02, 1.42873719e-01,
       7.04626217e-02, 7.68958628e-02, 7.66135752e-02, 8.60771611e-02,
       1.07739083e-01, 7.30420426e-02, 8.30460563e-02 ]
